Training Iterations; Lorentz , DerivLorentz , Sigmoid , Tanh , ReLU
0.0;3.9126257386060486,0.9059014430243739,0.11828021279911112
100.0;2.641893171163354,0.18012780870764475,0.1000386389696271
200.0;2.020461102924103,0.17852704972441152,0.10000264588827261
300.0;1.5831145340354835,0.1776379209646688,0.09996392135127839
400.0;1.3248155712114686,0.17692296585558007,0.09989170076552156
500.0;1.187282421070455,0.17632259305179687,0.0997229458550353
600.0;1.103326964942029,0.17580530214859433,0.09934582900842617
700.0;1.0429741425122108,0.17535077510599997,0.09871552902855125
800.0;0.993481039546606,0.1749452393509529,0.09803502872492192
900.0;0.9507710314438104,0.17457900793512363,0.09735527527325001
1000.0;0.9149627748176032,0.17424503665896696,0.0959602039515196
1100.0;0.8862637741837022,0.17393804881772637,0.09082449620702521
1200.0;0.8637900918829884,0.17365398763010526,0.06824965587865142
1300.0;0.8462225397927396,0.17338966305680403,0.027508746098230574
1400.0;0.8323416000544539,0.1731425172685746,0.01054149147110654
1500.0;0.8211832977933214,0.17291046460511741,0.0052850466464603625
1600.0;0.812026951557763,0.17269177957909868,0.003163080404566061
1700.0;0.8043361393226249,0.1724850166652498,0.0021094269475548403
1800.0;0.7976953290498199,0.17228895162259045,0.0015103775398537045
1900.0;0.7917522566842691,0.1721025377304757,0.001136692617195684
2000.0;0.786165801278889,0.17192487256805572,0.0008874478202669305
2100.0;0.7805616250524945,0.17175517239046795,0.0007126096197743717
2200.0;0.774513994095242,0.171592752075646,0.0005850615914539407
2300.0;0.7676001101848193,0.17143700922283278,0.0004890536428503352
2400.0;0.7595756185548244,0.17128741139196108,0.000414917126400425
2500.0;0.7506122629454332,0.17114348575220523,0.0003564422396631269
2600.0;0.7413557988109879,0.17100481060212264,0.0003094879043955132
2700.0;0.7326313032082661,0.17087100836092167,0.00027120358406558016
2800.0;0.7250294031845462,0.1707417397286536,0.00023957316589869434
2900.0;0.7187429365011369,0.17061669878451813,0.00021313691105937435
3000.0;0.713676730046904,0.1704956088450002,0.00019081610820011923
3100.0;0.7096196410451049,0.17037821894267474,0.00017179917390771628
3200.0;0.7063531767140466,0.17026430081597474,0.00015546571537664803
3300.0;0.7036935043070648,0.17015364632263993,0.00014133472035394908
3400.0;0.7014983095081873,0.17004606520679857,0.0001290284727276717
3500.0;0.6996610238258744,0.16994138316301494,0.00011824695157116805
3600.0;0.6981025970885575,0.16983944015111074,0.00010874936231273465
3700.0;0.6967642460190818,0.16974008892384274,0.00010034061001771488
3800.0;0.6956018872644044,0.16964319373611275,9.286125491402452e-05
3900.0;0.6945820866197556,0.16954862920967148,8.61799592155875e-05
4000.0;0.693679170306606,0.16945627933155594,8.018774135866543e-05
4100.0;0.6928731739246482,0.16936603656797972,7.479355844335569e-05
4200.0;0.6921483808111818,0.1692778010782451,6.992087635341534e-05
4300.0;0.6914922722087488,0.16919148001559586,6.550498242077815e-05
4400.0;0.6908947656458352,0.16910698690387652,6.149086204111999e-05
4500.0;0.690347656316443,0.16902424108048256,5.783150766623887e-05
4600.0;0.689844202707701,0.1689431671974446,5.448656222762553e-05
4700.0;0.6893788157665617,0.16886369477362756,5.142122336909885e-05
4800.0;0.6889468231782827,0.16878575779198735,4.8605352645426694e-05
4900.0;0.6885442887216244,0.16870929433664306,4.601274696799865e-05
5000.0;0.6881678724392171,0.16863424626521314,4.362053935657417e-05
5100.0;0.6878147213671175,0.16856055891245472,4.140870340446045e-05
5200.0;0.6874823833725252,0.16848818082175,3.935964143262727e-05
5300.0;0.6871687386319871,0.16841706350141644,3.745784055986405e-05
5400.0;0.6868719446986131,0.16834716120318874,3.568958418636006e-05
5500.0;0.6865903921279134,0.16827843072054358,3.404270892097841e-05
5600.0;0.6863226683751005,0.16821083120481403,3.250639895708236e-05
5700.0;0.6860675282226953,0.1681443239972819,3.1071011450618605e-05
5800.0;0.6858238694019677,0.1680788724756461,2.9727927676520588e-05
5900.0;0.6855907123742729,0.16801444191344544,2.846942570919188e-05
6000.0;0.6853671834663871,0.1679509993511757,2.7288571146674647e-05
6100.0;0.6851525007271767,0.1678885134779773,2.617912301833624e-05
6200.0;0.6849459620055484,0.1678269545228944,2.513545251588414e-05
6300.0;0.6847469348518677,0.1677662941548112,2.415247259204807e-05
6400.0;0.6845548479244036,0.1677065053902661,2.3225576800261148e-05
6500.0;0.6843691836443935,0.16764756250843008,2.2350586017323725e-05
6600.0;0.6841894718920931,0.1675894409726037,2.1523701911237887e-05
6700.0;0.6840152845747829,0.167532117357658,2.0741466197666368e-05
6800.0;0.6838462309284064,0.1674755692828983,2.00007248782068e-05
6900.0;0.6836819534390993,0.16741977534988384,1.9298596777870743e-05
7000.0;0.6835221242906313,0.1673647150847787,1.8632445802417487e-05
7100.0;0.6833664422597738,0.1673103688848538,1.7999856422442934e-05
7200.0;0.6832146299945874,0.16725671796879327,1.7398611963340844e-05
7300.0;0.6830664316212312,0.16720374433049182,1.6826675340915424e-05
7400.0;0.6829216106335811,0.16715143069605948,1.628217193353463e-05
7500.0;0.6827799480271072,0.1670997604837754,1.5763374324898265e-05
7600.0;0.6826412406443743,0.16704871776675523,1.5268688688096602e-05
7700.0;0.6825052997044516,0.1669982872381199,1.4796642612728487e-05
7800.0;0.682371949492601,0.16694845417846915,1.4345874203311473e-05
7900.0;0.6822410261900476,0.16689920442548403,1.3915122299852647e-05
8000.0;0.682112376826508,0.16685052434549502,1.3503217690802099e-05
8100.0;0.6819858583405745,0.16680240080686798,1.3109075205207382e-05
8200.0;0.6818613367350962,0.16675482115507137,1.2731686585198816e-05
8300.0;0.681738686316441,0.16670777318930224,1.2370114052218757e-05
8400.0;0.6816177890079873,0.16666124514055533,1.2023484491071736e-05
8500.0;0.6814985337294658,0.16661522565103193,1.1690984185051962e-05
8600.0;0.6813808158348342,0.1665697037547916,1.1371854043406721e-05
8700.0;0.6812645366023045,0.16652466885955997,1.1065385269330753e-05
8800.0;0.6811496027709258,0.16648011072961003,1.0770915422704662e-05
8900.0;0.6810359261188215,0.16643601946964295,1.0487824837112403e-05
9000.0;0.6809234230787597,0.16639238550959987,1.0215533355203684e-05
9100.0;0.680812014387265,0.16634919959034106,9.953497350584955e-06
9200.0;0.6807016247639088,0.16630645275013287,9.701207007871117e-06
9300.0;0.6805921826178184,0.1662641363118911,9.458183835710575e-06
9400.0;0.6804836197787786,0.16622224187112744,9.223978390277845e-06
9500.0;0.680375871250595,0.16618076128455592,8.998168189169061e-06
9600.0;0.6802688749846529,0.1661396866593144,8.78035579772548e-06
9700.0;0.6801625716718358,0.16609901034276273,8.570167071737634e-06
9800.0;0.6800569045511606,0.16605872491282048,8.36724954209807e-06
9900.0;0.6799518192336805,0.16601882316881064,8.17127092847072e-06
10000.0;0.6798472635403475,0.16597929812277684,7.981917770356149e-06
10100.0;0.6797431873526837,0.16594014299124613,7.798894165079767e-06
10200.0;0.6796395424752175,0.16590135118740862,7.621920603274695e-06
10300.0;0.6795362825087711,0.16586291631368988,7.450732893366251e-06
10400.0;0.6794333627337675,0.16582483215469193,7.28508116736058e-06
10500.0;0.679330740002828,0.16578709267048092,7.124728961005651e-06
10600.0;0.6792283726420009,0.16574969199020112,6.969452362038997e-06
10700.0;0.6791262203600437,0.16571262440599632,6.819039220815423e-06
10800.0;0.6790242441652353,0.1656758843672212,6.673288418171306e-06
10900.0;0.678922406289265,0.16563946647492456,6.532009185810835e-06
11000.0;0.678820670117787,0.165603365476591,6.395020474969946e-06
11100.0;0.6787190001272876,0.1655675762611254,6.262150369477022e-06
11200.0;0.6786173618279474,0.16553209385406656,6.1332355396688725e-06
11300.0;0.6785157217122284,0.1654969134130178,6.008120733958235e-06
11400.0;0.6784140472089474,0.1654620302232826,5.886658305104374e-06
11500.0;0.6783123066426311,0.165427439693694,5.7687077685109995e-06
11600.0;0.6782104691979816,0.16539313735262734,5.654135390096555e-06
11700.0;0.6781085048893057,0.1653591188441865,5.542813801503348e-06
11800.0;0.678006384534788,0.16532537992455518,5.4346216405761605e-06
11900.0;0.6779040797355097,0.16529191645850355,5.329443215251296e-06
12000.0;0.6778015628591386,0.1652587244160424,5.22716818910704e-06
12100.0;0.6776988070282284,0.1652257998692182,5.1276912870093905e-06
12200.0;0.6775957861130888,0.16519313898904078,5.03091201939493e-06
12300.0;0.6774924747291977,0.16516073804253656,4.936734423845238e-06
12400.0;0.6773888482391366,0.16512859338992297,4.845066822734073e-06
12500.0;0.6772848827590489,0.1650967014818957,4.755821595806864e-06
12600.0;0.6771805551696172,0.16506505885702435,4.668914966651386e-06
12700.0;0.6770758431315692,0.1650336621392511,4.584266802098857e-06
12800.0;0.6769707251057191,0.16500250803548716,4.50180042366488e-06
12900.0;0.6768651803775543,0.1649715933333017,4.42144243021227e-06
13000.0;0.6767591890863726,0.16494091489870044,4.343122531078469e-06
13100.0;0.6766527322589658,0.16491046967398673,4.26677338896791e-06
13200.0;0.6765457918478454,0.164880254675704,4.192330471959137e-06
13300.0;0.6764383507739773,0.16485026699265395,4.11973191402396e-06
13400.0;0.6763303929739917,0.16482050378398716,4.048918383517722e-06
13500.0;0.6762219034517982,0.16479096227736284,3.979832959103376e-06
13600.0;0.6761128683345254,0.1647616397671743,3.91242101265197e-06
13700.0;0.6760032749326574,0.1647325336128367,3.846630098662389e-06
13800.0;0.6758931118042173,0.16470364123713446,3.782409849797369e-06
13900.0;0.6757823688228043,0.16467496012462482,3.719711878145137e-06
14000.0;0.6756710372492398,0.16464648782009558,3.6584896818578376e-06
14100.0;0.6755591098065359,0.16461822192707368,3.5986985568356342e-06
14200.0;0.6754465807578363,0.1645901601063821,3.540295513139359e-06
14300.0;0.675333445986924,0.16456230007474276,3.483239195858808e-06
14400.0;0.675219703080821,0.16453463960342327,3.427489810157583e-06
14500.0;0.6751053514139338,0.1645071765169252,3.3730090502489702e-06
14600.0;0.6749903922331262,0.16447990869171006,3.3197600320755535e-06
14700.0;0.6748748287430208,0.16445283405496425,3.2677072294632126e-06
14800.0;0.6747586661907489,0.16442595058339687,3.2168164135634175e-06
14900.0;0.6746419119492856,0.16439925630207158,3.1670545953773645e-06
15000.0;0.674524575598426,0.16437274928326848,3.118389971197287e-06
15100.0;0.6744066690023747,0.1643464276453752,3.0707918707933165e-06
15200.0;0.6742882063828395,0.16432028955180464,3.0242307081948042e-06
15300.0;0.6741692043864546,0.16429433320993772,2.9786779349124287e-06
15400.0;0.6740496821452827,0.16426855687008962,2.934105995479082e-06
15500.0;0.6739296613290973,0.164242958824497,2.890488285166379e-06
15600.0;0.6738091661880967,0.1642175374063249,2.8477991097719622e-06
15700.0;0.6736882235846824,0.1641922909886913,2.8060136473534016e-06
15800.0;0.6735668630129142,0.1641672179837085,2.765107911809849e-06
15900.0;0.6734451166042791,0.16414231684153754,2.725058718212404e-06
16000.0;0.6733230191184393,0.16411758604945595,2.6858436497874552e-06
16100.0;0.6732006079176941,0.16409302413093627,2.647441026466426e-06
16200.0;0.6730779229239856,0.1640686296447336,2.6098298749226816e-06
16300.0;0.6729550065573991,0.16404440118398028,2.572989900013461e-06
16400.0;0.6728319036552726,0.16402033737528648,2.5369014575568283e-06
16500.0;0.6727086613712172,0.16399643687784488,2.501545528375063e-06
16600.0;0.6725853290535813,0.16397269838253653,2.4669036935397787e-06
16700.0;0.6724619581031333,0.16394912061103845,2.432958110755108e-06
16800.0;0.6723386018100411,0.16392570231492914,2.3996914918240117e-06
16900.0;0.6722153151705138,0.16390244227479084,2.3670870811432542e-06
17000.0;0.6720921546838137,0.16387933929930715,2.3351286351751652e-06
17100.0;0.6719691781306827,0.16385639222435405,2.3038004028476744e-06
17200.0;0.6718464443345739,0.16383359991208174,2.27308710683433e-06
17300.0;0.6717240129074178,0.16381096124998712,2.2429739256766537e-06
17400.0;0.6716019439819995,0.16378847514997297,2.213446476701412e-06
17500.0;0.671480297933316,0.16376614054739358,2.184490799698888e-06
17600.0;0.6713591350915789,0.16374395640008432,2.1560933413218546e-06
17700.0;0.671238515449758,0.1637219216873728,2.128240940171221e-06
17800.0;0.671118498368761,0.1637000354090707,2.1009208125383667e-06
17900.0;0.6709991422834733,0.16367829658444272,2.074120538767288e-06
18000.0;0.6708805044129642,0.1636567042511524,2.04782805021132e-06
18100.0;0.6707626404781651,0.16363525746418145,2.022031616753798e-06
18200.0;0.6706456044302722,0.16361395529472025,1.9967198348668624e-06
18300.0;0.6705294481929898,0.16359279682902897,1.9718816161830903e-06
18400.0;0.6704142214215376,0.16357178116726506,1.947506176554018e-06
18500.0;0.6702999712810882,0.1635509074222757,1.9235830255746473e-06
18600.0;0.6701867422469848,0.1635301747183533,1.9001019565520865e-06
18700.0;0.6700745759287293,0.16350958218995032,1.877053036895155e-06
18800.0;0.6699635109193341,0.1634891289803516,1.8544265989070451e-06
18900.0;0.669853582671207,0.16346881424030105,1.8322132309622747e-06
19000.0;0.6697448233992984,0.16344863712657987,1.8104037690500455e-06
19100.0;0.6696372620118034,0.1634285968005334,1.7889892886653694e-06
19200.0;0.6695309240682733,0.16340869242654232,1.7679610970330657e-06
19300.0;0.6694258317645858,0.1633889231704358,1.7473107256502507e-06
19400.0;0.6693220039438353,0.16336928819784155,1.727029923129925e-06
19500.0;0.6692194561318618,0.16334978667246958,1.7071106483336495e-06
19600.0;0.6691182005958342,0.16333041775432391,1.6875450637797095e-06
19700.0;0.6690182464240559,0.1633111805978378,1.6683255293127999e-06
19800.0;0.6689195996249525,0.16329207434992682,1.6494445960252492e-06
19900.0;0.6688222632430624,0.16327309814795268,1.6308950004158764e-06
20000.0;0.6687262374897494,0.16325425111759279,1.6126696587773893e-06
20100.0;0.6686315198863143,0.16323553237060467,1.5947616618015868e-06
20200.0;0.6685381054171852,0.16321694100247947,1.5771642693902113e-06
20300.0;0.668445986690904,0.1631984760899736,1.5598709056664372e-06
20400.0;0.6683551541067211,0.16318013668850662,1.5428751541713833e-06
20500.0;0.6682655960247024,0.16316192182941472,1.5261707532452906e-06
20600.0;0.6681772989374185,0.16314383051704476,1.5097515915769753e-06
20700.0;0.6680902476414171,0.16312586172567325,1.4936117039197865e-06
20800.0;0.6680044254068713,0.16310801439623276,1.4777452669632937e-06
20900.0;0.6679198141439705,0.16309028743282566,1.4621465953547273e-06
21000.0;0.6678363945648057,0.16307267969900208,1.446810137863846e-06
21100.0;0.6677541463396849,0.16305519001377672,1.4317304736836383e-06
21200.0;0.6676730482470004,0.16303781714735507,1.4169023088626565e-06
21300.0;0.6675930783159324,0.16302055981653643,1.4023204728598107e-06
21400.0;0.6675142139614488,0.16300341667975538,1.3879799152207262e-06
21500.0;0.6674364321111996,0.16298638633171972,1.373875702365745e-06
21600.0;0.6673597093240559,0.1629694672975972,1.3600030144878006e-06
21700.0;0.6672840219001557,0.16295265802669362,1.3463571425547283e-06
21800.0;0.6672093459824392,0.1629359568855635,1.332933485410038e-06
21900.0;0.6671356576497447,0.1629193621504788,1.3197275469689661e-06
22000.0;0.667062933001626,0.16290287199917639,1.3067349335068847e-06
22100.0;0.6669911482351147,0.1628864845017925,1.293951351032792e-06
22200.0;0.6669202797137103,0.16287019761087645,1.281372602748636e-06
22300.0;0.6668503040289295,0.16285400915036613,1.2689945865869454e-06
22400.0;0.6667811980547741,0.16283791680338475,1.2568132928248006e-06
22500.0;0.6667129389955071,0.16282191809870306,1.2448248017737167e-06
22600.0;0.6666455044271403,0.16280601039568462,1.2330252815365005e-06
22700.0;0.666578872333049,0.1627901908675073,1.221410985835143e-06
22800.0;0.6665130211341278,0.16277445648242034,1.2099782518999541e-06
22900.0;0.6664479297139032,0.16275880398276188,1.1987234984247525e-06
23000.0;0.6663835774390093,0.16274322986141904,1.1876432235782339e-06
23100.0;0.6663199441754218,0.16272773033536087,1.1767340030753934e-06
23200.0;0.6662570103008317,0.16271230131581893,1.165992488302775e-06
23300.0;0.666194756713527,0.16269693837461885,1.1554154044970967e-06
23400.0;0.6661331648381268,0.16268163670608796,1.1449995489756057e-06
23500.0;0.6660722166285005,0.16266639108386646,1.1347417894141455e-06
23600.0;0.6660118945681761,0.16265119581183884,1.1246390621742173e-06
23700.0;0.6659521816685319,0.16263604466826714,1.1146883706746432e-06
23800.0;0.6658930614650366,0.16262093084205087,1.1048867838074113e-06
23900.0;0.6658345180117878,0.16260584685984747,1.0952314343957283e-06
24000.0;0.6657765358745781,0.1625907845025652,1.0857195176940995e-06
24100.0;0.6657191001226981,0.16257573470946807,1.0763482899260454e-06
24200.0;0.6656621963196704,0.16256068746781355,1.0671150668613244e-06
24300.0;0.6656058105130858,0.16254563168555633,1.0580172224295546e-06
24400.0;0.6655499292237042,0.1625305550441855,1.049052187370222e-06
24500.0;0.665494539433959,0.1625154438282052,1.0402174479155472e-06
24600.0;0.6654396285759956,0.1625002827270924,1.0315105445079063e-06
24700.0;0.6653851845193579,0.16248505460474763,1.0229290705504342e-06
24800.0;0.6653311955584241,0.16246974023046742,1.0144706711859106e-06
24900.0;0.6652776503996831,0.1624543179642674,1.006133042109146e-06
25000.0;0.6652245381489312,0.16243876338793012,9.979139284071284e-07
25100.0;0.6651718482984583,0.16242304887138265,9.898111234275088e-07
25200.0;0.6651195707142843,0.16240714306186532,9.818224676757895e-07
25300.0;0.6650676956234992,0.1623910102807422,9.739458477385332e-07
25400.0;0.6650162136017514,0.16237460980964138,9.661791952323102e-07
25500.0;0.6649651155609232,0.1623578950437856,9.585204857794036e-07
25600.0;0.6649143927370256,0.16234081248575036,9.509677380063379e-07
25700.0;0.6648640366783394,0.1623233005473418,9.435190125677597e-07
25800.0;0.664814039233824,0.1623052881206754,9.361724111922359e-07
25900.0;0.6647643925418147,0.1622866928717424,9.289260757526239e-07
26000.0;0.6647150890190187,0.16226741920070414,9.217781873556372e-07
26100.0;0.6646661213498207,0.162247355802888,9.14726965455832e-07
26200.0;0.664617482475911,0.1622263727532088,9.077706669883531e-07
26300.0;0.6645691655862317,0.16220431802510354,9.009075855229897e-07
26400.0;0.6645211641072527,0.16218101334421595,8.941360504373743e-07
26500.0;0.6644734716935725,0.1621562492691801,8.874544261101785e-07
26600.0;0.6644260822188444,0.1621297793905803,8.808611111322443e-07
26700.0;0.6643789897670255,0.1621013135505255,8.74354537537586e-07
26800.0;0.6643321886239443,0.16207051001865586,8.679331700498322e-07
26900.0;0.664285673269183,0.16203696662993866,8.615955053489215e-07
27000.0;0.6642394383682667,0.16200021101562462,8.553400713519879e-07
27100.0;0.6641934787651549,0.16195969026866988,8.491654265133313e-07
27200.0;0.6641477894750267,0.16191476071267047,8.430701591389222e-07
27300.0;0.6641023656773539,0.1618646789245161,8.370528867171676e-07
27400.0;0.6640572027092515,0.16180859582042473,8.311122552655506e-07
27500.0;0.6640122960590988,0.161745556441597,8.252469386916642e-07
27600.0;0.6639676413604244,0.1616745089798664,8.194556381691664e-07
27700.0;0.6639232343860412,0.16159432734044832,8.137370815282785e-07
27800.0;0.6638790710424309,0.16150385173604725,8.080900226601171e-07
27900.0;0.6638351473643604,0.16140195084892742,8.02513240934848e-07
28000.0;0.663791459509729,0.16128760634843373,7.970055406329325e-07
28100.0;0.6637480037546334,0.1611600156842608,7.915657503895335e-07
28200.0;0.663704776488645,0.16101870259246814,7.861927226522912e-07
28300.0;0.663661774210288,0.16086361838742258,7.80885333150379e-07
28400.0;0.6636189935227144,0.1606952136364385,7.756424803765675e-07
28500.0;0.6635764311295641,0.1605144618746847,7.704630850811314e-07
28600.0;0.6635340838310068,0.16032282541721682,7.65346089777185e-07
28700.0;0.6634919485199522,0.16012216590367911,7.602904582574737e-07
28800.0;0.6634500221784283,0.15991461451293937,7.552951751218398e-07
28900.0;0.6634083018741153,0.1597024243524047,7.503592453165584e-07
29000.0;0.6633667847570317,0.15948782824063362,7.454816936830477e-07
29100.0;0.6633254680563636,0.15927291992071532,7.406615645174995e-07
29200.0;0.6632843490774329,0.15905956860627998,7.358979211412865e-07
29300.0;0.6632434251987986,0.15884936877954917,7.311898454795656e-07
29400.0;0.6632026938694819,0.1586436213255131,7.265364376513415e-07
29500.0;0.6631621526063144,0.15844333899014904,7.219368155678958e-07
29600.0;0.6631217989914003,0.15824926838885536,7.17390114541002e-07
29700.0;0.6630816306696894,0.15806192154737334,7.128954868992477e-07
29800.0;0.6630416453466543,0.15788161143580132,7.084521016143746e-07
29900.0;0.6630018407860699,0.15770848758201958,7.040591439356356e-07
30000.0;0.6629622148078868,0.1575425692971645,6.997158150323023e-07
30100.0;0.6629227652861975,0.1573837751789032,6.954213316446419e-07
30200.0;0.6628834901472901,0.15723194836406354,6.91174925743518e-07
30300.0;0.6628443873677842,0.1570868775259846,6.869758441962569e-07
30400.0;0.662805454972848,0.15694831391891337,6.828233484421834e-07
30500.0;0.6627666910344904,0.156815984925401,6.787167141741822e-07
30600.0;0.6627280936699264,0.15668960461559914,6.746552310279131e-07
30700.0;0.6626896610400099,0.1565688818191937,6.70638202278859e-07
30800.0;0.6626513913477361,0.1564535261691408,6.666649445448971e-07
30900.0;0.6626132828368021,0.1563432525195953,6.627347874977126e-07
31000.0;0.6625753337902326,0.1562377840796944,6.58847073578967e-07
31100.0;0.6625375425290592,0.15613685454660473,6.55001157723979e-07
31200.0;0.6624999074110561,0.15604020946872943,6.511964070917635e-07
31300.0;0.6624624268295286,0.15594760702450242,6.474322008010466e-07
31400.0;0.66242509921215,0.15585881836390358,6.437079296720272e-07
31500.0;0.6623879230198468,0.1557736276282437,6.400229959749143e-07
31600.0;0.6623508967457301,0.15569183173811388,6.36376813183781e-07
31700.0;0.6623140189140689,0.1556132400188116,6.327688057357944e-07
31800.0;0.662277288079306,0.15553767371621027,6.29198408796165e-07
31900.0;0.6622407028251125,0.15546496544316266,6.256650680293493e-07
32000.0;0.6622042617634806,0.15539495858646243,6.221682393737433e-07
32100.0;0.6621679635338528,0.1553275066965663,6.18707388823421e-07
32200.0;0.6621318068022835,0.1552624728762442,6.152819922134667e-07
32300.0;0.6620957902606361,0.15519972917969177,6.118915350109675e-07
32400.0;0.6620599126258104,0.15513915603011408,6.085355121107496e-07
32500.0;0.6620241726389979,0.1550806416611136,6.052134276357237e-07
32600.0;0.6619885690649697,0.15502408158521624,6.019247947413421e-07
32700.0;0.6619531006913879,0.15496937809137612,5.98669135425184e-07
32800.0;0.6619177663281463,0.15491643977220837,5.954459803409049e-07
32900.0;0.6618825648067324,0.15486518108090824,5.922548686157645e-07
33000.0;0.6618474949796174,0.15481552191725526,5.890953476731254e-07
33100.0;0.6618125557196655,0.15476738724171743,5.859669730582879e-07
33200.0;0.6617777459195667,0.15472070671641816,5.828693082688608e-07
33300.0;0.6617430644912907,0.15467541437157437,5.798019245888931e-07
33400.0;0.6617085103655593,0.15463144829593256,5.767644009260937e-07
33500.0;0.6616740824913389,0.1545887503497026,5.73756323654273e-07
33600.0;0.6616397798353506,0.15454726589849924,5.707772864577457e-07
33700.0;0.661605601381599,0.15450694356683653,5.67826890180134e-07
33800.0;0.6615715461309157,0.15446773500977862,5.649047426764195e-07
33900.0;0.6615376131005203,0.15442959470141537,5.620104586683491e-07
34000.0;0.6615038013235957,0.15439247973890588,5.591436596032392e-07
34100.0;0.6614701098488792,0.15435634966091144,5.563039735159784e-07
34200.0;0.6614365377402665,0.15432116627931758,5.534910348937291e-07
34300.0;0.6614030840764288,0.15428689352322195,5.507044845441372e-07
34400.0;0.6613697479504446,0.15425349729424231,5.479439694665393e-07
34500.0;0.6613365284694417,0.1542209453322676,5.452091427256399e-07
34600.0;0.6613034247542526,0.154189207090849,5.424996633286919e-07
34700.0;0.66127043593908,0.1541582536214872,5.398151961045643e-07
34800.0;0.6612375611711739,0.1541280574661376,5.371554115865023e-07
34900.0;0.6612047996105194,0.1540985925573076,5.345199858966939e-07
35000.0;0.6611721504295326,0.154069834125176,5.319086006339946e-07
35100.0;0.6611396128127691,0.1540417586112106,5.293209427638868e-07
35200.0;0.661107185956639,0.15401434358780552,5.267567045109851e-07
35300.0;0.6610748690691319,0.1539875676835008,5.242155832535943e-07
35400.0;0.661042661369551,0.15396141051338397,5.216972814215978e-07
35500.0;0.6610105620882532,0.1539358526143076,5.192015063949945e-07
35600.0;0.6609785704663996,0.15391087538458773,5.167279704070306e-07
35700.0;0.660946685755712,0.15388646102787637,5.142763904466015e-07
35800.0;0.6609149072182372,0.1538625925009276,5.118464881654003e-07
35900.0;0.6608832341261172,0.153839253464998,5.094379897854712e-07
36000.0;0.6608516657613681,0.15381642824064476,5.070506260099267e-07
36100.0;0.6608202014156633,0.15379410176570327,5.046841319341668e-07
36200.0;0.6607888403901248,0.1537722595562411,5.023382469612046e-07
36300.0;0.6607575819951179,0.15375088767030218,5.000127147165727e-07
36400.0;0.660726425550056,0.1537299726742677,4.977072829667792e-07
36500.0;0.6606953703832055,0.15370950161167102,4.954217035385666e-07
36600.0;0.6606644158315003,0.15368946197431663,4.931557322406119e-07
36700.0;0.6606335612403597,0.15366984167556005,4.909091287864208e-07
36800.0;0.6606028059635115,0.1536506290256165,4.886816567191408e-07
36900.0;0.6605721493628198,0.15363181270877052,4.864730833380561e-07
37000.0;0.6605415908081173,0.1536133817623692,4.842831796266813e-07
37100.0;0.660511129677043,0.15359532555748373,4.8211172018204e-07
37200.0;0.6604807653548825,0.15357763378113207,4.799584831459443e-07
37300.0;0.6604504972344151,0.15356029641995916,4.778232501379763e-07
37400.0;0.6604203247157614,0.1535433037452756,4.7570580618884975e-07
37500.0;0.6603902472062378,0.15352664629936114,4.7360593967640483e-07
37600.0;0.6603602641202138,0.1535103148829412,4.7152344226231273e-07
37700.0;0.6603303748789724,0.15349430054375018,4.6945810883030404e-07
37800.0;0.6603005789105745,0.1534785945660981,4.6740973742558157e-07
37900.0;0.6602708756497269,0.1534631884613607,4.6537812919609775e-07
38000.0;0.660241264537653,0.15344807395931714,4.633630883340688e-07
38100.0;0.6602117450219677,0.15343324300026168,4.613644220199628e-07
38200.0;0.660182316556554,0.15341868772782133,4.5938194036626236e-07
38300.0;0.6601529786014442,0.1534044004824124,4.574154563640842e-07
38400.0;0.6601237306227022,0.1533903737952746,4.5546478582929573e-07
38500.0;0.6600945720923107,0.1533766003830228,4.53529747350905e-07
38600.0;0.6600655024880592,0.15336307314266256,4.5161016224019696e-07
38700.0;0.660036521293436,0.15334978514701642,4.497058544806898e-07
38800.0;0.6600076279975224,0.1533367296405136,4.478166506792927e-07
38900.0;0.659978822094889,0.15332390003529753,4.459423800191754e-07
39000.0;0.6599501030854948,0.15331128990761073,4.4408287421194394e-07
39100.0;0.6599214704745884,0.1532988929944187,4.422379674528802e-07
39200.0;0.6598929237726127,0.15328670319023813,4.4040749637552907e-07
39300.0;0.6598644624951098,0.1532747145441381,4.38591300007891e-07
39400.0;0.6598360861626295,0.15326292125688634,4.3678921972968416e-07
39500.0;0.6598077943006395,0.15325131767821484,4.350010992300757e-07
39600.0;0.6597795864394381,0.15323989830418233,4.3322678446623007e-07
39700.0;0.6597514621140677,0.15322865777461456,4.314661236234916e-07
39800.0;0.6597234208642321,0.15321759087060377,4.2971896707518664e-07
39900.0;0.659695462234213,0.1532066925120549,4.2798516734469005e-07
40000.0;0.6596675857727924,0.153195957755263,4.262645790665413e-07
40100.0;0.6596397910331718,0.1531853817905141,4.2455705895008155e-07
40200.0;0.6596120775728979,0.1531749599396987,4.228624657427486e-07
40300.0;0.6595844449537862,0.15316468765393276,4.211806601944469e-07
40400.0;0.659556892741849,0.1531545605111791,4.195115050224125e-07
40500.0;0.6595294205072234,0.1531445742138666,4.1785486487726177e-07
40600.0;0.6595020278241013,0.15313472458650365,4.1621060630953233e-07
40700.0;0.6594747142706616,0.15312500757328443,4.1457859773643855e-07
40800.0;0.6594474794290031,0.15311541923568728,4.12958709409962e-07
40900.0;0.6594203228850782,0.15310595575006508,4.113508133854119e-07
41000.0;0.6593932442286308,0.1530966134052289,4.097547834900001e-07
41100.0;0.659366243053132,0.15308738860002505,4.081704952932986e-07
41200.0;0.6593393189557196,0.15307827784090924,4.0659782607678073e-07
41300.0;0.6593124715371388,0.15306927773951812,4.050366548051563e-07
41400.0;0.6592857004016817,0.15306038501024224,4.034868620979811e-07
41500.0;0.6592590051571325,0.15305159646780167,4.0194833020111733e-07
41600.0;0.6592323854147097,0.15304290902482845,4.0042094295995383e-07
41700.0;0.6592058407890117,0.153034319689458,3.9890458579220224e-07
41800.0;0.6591793708979632,0.15302582556293273,3.973991456616685e-07
41900.0;0.6591529753627621,0.15301742383722045,3.9590451105210904e-07
42000.0;0.6591266538078289,0.15300911179265125,3.944205719426585e-07
42100.0;0.6591004058607558,0.15300088679557447,3.9294721978226225e-07
42200.0;0.6590742311522583,0.15299274629603973,3.914843474656385e-07
42300.0;0.6590481293161247,0.15298468782550345,3.900318493095698e-07
42400.0;0.6590220999891724,0.1529767089945641,3.8858962102907516e-07
42500.0;0.6589961428111982,0.15296880749072803,3.871575597149253e-07
42600.0;0.6589702574249359,0.15296098107620798,3.857355638108914e-07
42700.0;0.65894444347601,0.15295322758575616,3.8432353309155933e-07
42800.0;0.6589187006128938,0.15294554492453363,3.829213686410919e-07
42900.0;0.6588930284868662,0.15293793106601797,3.8152897283146885e-07
43000.0;0.6588674267519705,0.15293038404994924,3.8014624930220423e-07
43100.0;0.6588418950649737,0.15292290198031758,3.7877310293922976e-07
43200.0;0.6588164330853267,0.15291548302339095,3.774094398557786e-07
43300.0;0.6587910404751249,0.15290812540578608,3.760551673718487e-07
43400.0;0.6587657168990715,0.15290082741258174,3.747101939953079e-07
43500.0;0.6587404620244384,0.15289358738547576,3.7337442940295564e-07
43600.0;0.6587152755210306,0.15288640372098578,3.720477844219054e-07
43700.0;0.6586901570611502,0.15287927486869396,3.7073017101145726e-07
43800.0;0.658665106319562,0.15287219932953633,3.694215022449854e-07
43900.0;0.6586401229734575,0.15286517565413557,3.6812169229270143e-07
44000.0;0.6586152067024236,0.15285820244117884,3.668306564041473e-07
44100.0;0.6585903571884073,0.15285127833583878,3.655483108915748e-07
44200.0;0.6585655741156855,0.1528444020282384,3.6427457311287893e-07
44300.0;0.6585408571708327,0.15283757225195932,3.630093614561455e-07
44400.0;0.6585162060426892,0.15283078778259235,3.617525953227541e-07
44500.0;0.6584916204223326,0.15282404743633116,3.6050419511247174e-07
44600.0;0.6584671000030468,0.15281735006860658,3.592640822072498e-07
44700.0;0.6584426444802933,0.15281069457276258,3.580321789570479e-07
44800.0;0.6584182535516832,0.1528040798787728,3.5680840866413966e-07
44900.0;0.658393926916949,0.15279750495199584,3.5559269556897803e-07
45000.0;0.6583696642779177,0.1527909687919704,3.5438496483615216e-07
45100.0;0.658345465338483,0.1527844704312478,3.531851425394294e-07
45200.0;0.6583213298045808,0.15277800893426213,3.519931556490694e-07
45300.0;0.6582972573841624,0.1527715833962367,3.508089320174727e-07
45400.0;0.6582732477871696,0.15276519294212604,3.4963240036645886e-07
45500.0;0.6582493007255107,0.15275883672559276,3.4846349027354076e-07
45600.0;0.6582254159130356,0.15275251392801792,3.473021321597564e-07
45700.0;0.6582015930655127,0.15274622375754493,3.4614825727663174e-07
45800.0;0.658177831900606,0.15273996544815496,3.450017976941206e-07
45900.0;0.6581541321378516,0.15273373825877395,3.438626862882529e-07
46000.0;0.6581304934986363,0.15272754147240966,3.427308567291009e-07
46100.0;0.6581069157061761,0.15272137439531877,3.416062434694058e-07
46200.0;0.6580833984854934,0.15271523635620174,3.4048878173284054e-07
46300.0;0.6580599415633983,0.15270912670542608,3.393784075023786e-07
46400.0;0.6580365446684665,0.15270304481427646,3.3827505750995205e-07
46500.0;0.6580132075310198,0.1526969900742307,3.371786692247568e-07
46600.0;0.6579899298831065,0.1526909618962612,3.360891808429678e-07
46700.0;0.6579667114584817,0.15268495971016086,3.350065312769252e-07
46800.0;0.65794355199259,0.15267898296389248,3.339306601451556e-07
46900.0;0.6579204512225449,0.15267303112296163,3.3286150776149505e-07
47000.0;0.6578974088871119,0.15266710366981093,3.3179901512602725e-07
47100.0;0.6578744247266906,0.15266120010323664,3.307431239143202e-07
47200.0;0.6578514984832973,0.15265531993782505,3.296937764684324e-07
47300.0;0.6578286299005477,0.15264946270340987,3.286509157870404e-07
47400.0;0.6578058187236404,0.152643627944548,3.276144855161252e-07
47500.0;0.6577830646993402,0.1526378152200149,3.2658442993993915e-07
47600.0;0.6577603675759629,0.15263202410231722,3.2556069397194006e-07
47700.0;0.6577377271033582,0.15262625417722347,3.245432231459809e-07
47800.0;0.657715143032895,0.1526205050433111,3.2353196360722496e-07
47900.0;0.6576926151174468,0.1526147763115297,3.2252686210408364e-07
48000.0;0.6576701431113754,0.15260906760478044,3.215278659794571e-07
48100.0;0.6576477267705177,0.1526033785575097,3.205349231624359e-07
48200.0;0.6576253658521707,0.15259770881531817,3.1954798216040116e-07
48300.0;0.6576030601150775,0.15259205803458345,3.185669920507572e-07
48400.0;0.6575808093194137,0.15258642588209576,3.1759190247312724e-07
48500.0;0.6575586132267734,0.15258081203470802,3.1662266362170356e-07
48600.0;0.6575364716001577,0.15257521617899672,3.1565922623738036e-07
48700.0;0.6575143842039587,0.15256963801093643,3.1470154160070233e-07
48800.0;0.6574923508039501,0.152564077235585,3.137495615238255e-07
48900.0;0.6574703711672716,0.15255853356678045,3.128032383439344e-07
49000.0;0.657448445062419,0.15255300672684843,3.11862524915586e-07
49100.0;0.657426572259231,0.15254749644632035,3.109273746041787e-07
49200.0;0.6574047525288776,0.1525420024636611,3.099977412786688e-07
49300.0;0.6573829856438481,0.15253652452500707,3.090735793047504e-07
49400.0;0.6573612713779405,0.15253106238391306,3.081548435385417e-07
49500.0;0.6573396095062499,0.152525615801108,3.0724148931969066e-07
49600.0;0.6573179998051571,0.15252018454425967,3.063334724650315e-07
49700.0;0.6572964420523186,0.15251476838774777,3.054307492623303e-07
49800.0;0.6572749360266554,0.15250936711244453,3.0453327646367395e-07
49900.0;0.6572534815083427,0.15250398050550354,3.0364101127961325e-07
50000.0;0.6572320782787997,0.15249860836015544,3.0275391137317903e-07
50100.0;0.6572107261206798,0.15249325047551152,3.01871934853598e-07
50200.0;0.65718942481786,0.15248790665637352,3.009950402706321e-07
50300.0;0.6571681741554326,0.1524825767130503,3.001231866086838e-07
50400.0;0.6571469739196941,0.15247726046118076,2.992563332812219e-07
50500.0;0.6571258238981363,0.15247195772156344,2.9839444012526545e-07
50600.0;0.6571047238794381,0.15246666831999117,2.9753746739559676e-07
50700.0;0.6570836736534548,0.152461392087092,2.966853757594707e-07
50800.0;0.6570626730112104,0.15245612885817578,2.95838126291488e-07
50900.0;0.6570417217448885,0.1524508784730852,2.9499568046792163e-07
51000.0;0.6570208196478232,0.15244564077605283,2.9415800016196655e-07
51100.0;0.6569999665144916,0.1524404156155625,2.933250476383258e-07
51200.0;0.6569791621405043,0.15243520284421558,2.9249678554838516e-07
51300.0;0.6569584063225988,0.15243000231860165,2.9167317692511324e-07
51400.0;0.6569376988586294,0.15242481389917423,2.908541851784307e-07
51500.0;0.6569170395475609,0.1524196374501292,2.9003977409023585e-07
51600.0;0.65689642818946,0.15241447283928916,2.892299078097427e-07
51700.0;0.656875864585488,0.15240931993799034,2.884245508489055e-07
51800.0;0.6568553485378925,0.15240417862097394,2.8762366807775095e-07
51900.0;0.656834879850001,0.15239904876628058,2.8682722471991884e-07
52000.0;0.6568144583262129,0.1523939302551489,2.860351863482424e-07
52100.0;0.6567940837719923,0.15238882297191722,2.852475188803812e-07
52200.0;0.6567737559938609,0.15238372680392812,2.8446418857448394e-07
52300.0;0.6567534747993911,0.15237864164143655,2.836851620249618e-07
52400.0;0.6567332399971988,0.15237356737752125,2.8291040615836226e-07
52500.0;0.656713051396937,0.15236850390799808,2.82139888229264e-07
52600.0;0.6566929088092892,0.15236345113133737,2.813735758161927e-07
52700.0;0.6566728120459615,0.1523584089485829,2.8061143681751246e-07
52800.0;0.6566527609196781,0.15235337726327444,2.798534394478959e-07
52900.0;0.6566327552441727,0.15234835598137195,2.790995522339567e-07
53000.0;0.656612794834184,0.15234334501118285,2.783497440106371e-07
53100.0;0.6565928795054484,0.15233834426329118,2.776039839177104e-07
53200.0;0.6565730090746937,0.15233335365048944,2.768622413955563e-07
53300.0;0.6565531833596341,0.15232837308771224,2.7612448618203244e-07
53400.0;0.6565334021789624,0.15232340249197235,2.753906883085836e-07
53500.0;0.656513665352346,0.1523184417822983,2.7466081809672047e-07
53600.0;0.6564939727004193,0.15231349087967477,2.7393484615467787e-07
53700.0;0.6564743240447799,0.15230854970698396,2.732127433737311e-07
53800.0;0.65645471920798,0.1523036181889494,2.724944809250728e-07
53900.0;0.6564351580135239,0.15229869625208126,2.717800302563419e-07
54000.0;0.6564156402858601,0.15229378382462352,2.710693630883026e-07
54100.0;0.6563961658503767,0.15228888083650247,2.703624514116241e-07
54200.0;0.6563767345333968,0.15228398721927722,2.69659267483774e-07
54300.0;0.6563573461621706,0.15227910290609142,2.6895978382577343e-07
54400.0;0.6563380005648731,0.15227422783162683,2.6826397321895855e-07
54500.0;0.6563186975705961,0.15226936193205756,2.6757180870223934e-07
54600.0;0.6562994370093455,0.15226450514500672,2.668832635688754e-07
54700.0;0.656280218712034,0.1522596574095037,2.661983113634814e-07
54800.0;0.6562610425104776,0.1522548186659427,2.655169258790817e-07
54900.0;0.656241908237389,0.1522499888560432,2.648390811544213e-07
55000.0;0.6562228157263745,0.15224516792281076,2.6416475147083044e-07
55100.0;0.6562037648119274,0.15224035581049977,2.634939113495908e-07
55200.0;0.6561847553294238,0.1522355524645766,2.6282653554914116e-07
55300.0;0.6561657871151181,0.15223075783168455,2.62162599062325e-07
55400.0;0.6561468600061375,0.1522259718596092,2.615020771136499e-07
55500.0;0.6561279738404775,0.1522211944972454,2.608449451566415e-07
55600.0;0.6561091284569975,0.15221642569456484,2.6019117887125125e-07
55700.0;0.6560903236954161,0.15221166540258452,2.5954075416132874e-07
55800.0;0.6560715593963058,0.1522069135733365,2.588936471519753e-07
55900.0;0.6560528354010893,0.1522021701598384,2.582498341869647e-07
56000.0;0.6560341515520346,0.1521974351160647,2.5760929182647695e-07
56100.0;0.6560155076922505,0.15219270839691865,2.5697199684451423e-07
56200.0;0.655996903665682,0.15218798995820565,2.563379262263763e-07
56300.0;0.6559783393171059,0.15218327975660675,2.557070571665354e-07
56400.0;0.6559598144921275,0.15217857774965343,2.550793670661671e-07
56500.0;0.6559413290371741,0.1521738838957026,2.5445483353071137e-07
56600.0;0.6559228827994926,0.15216919815391278,2.538334343678165e-07
56700.0;0.6559044756271444,0.1521645204842208,2.532151475847958e-07
56800.0;0.6558861073690014,0.15215985084731914,2.5259995138678627e-07
56900.0;0.6558677778747419,0.15215518920463386,2.5198782417415465e-07
57000.0;0.6558494869948455,0.15215053551830335,2.513787445406245e-07
57100.0;0.65583123458059,0.15214588975115778,2.507726912711121e-07
57200.0;0.6558130204840473,0.1521412518666984,2.5016964333929763e-07
57300.0;0.6557948445580786,0.15213662182907867,2.49569579906034e-07
57400.0;0.6557767066563309,0.15213199960308488,2.489724803168859e-07
57500.0;0.6557586066332324,0.1521273851541176,2.483783241003678e-07
57600.0;0.6557405443439891,0.15212277844817423,2.4778709096580793e-07
57700.0;0.6557225196445808,0.1521181794518309,2.4719876080136553e-07
57800.0;0.6557045323917561,0.15211358813222622,2.4661331367222516e-07
57900.0;0.6556865824430304,0.1521090044570444,2.4603072981853546e-07
58000.0;0.6556686696566797,0.15210442839449945,2.454509896535611e-07
58100.0;0.6556507938917389,0.15209985991331967,2.4487407376182784e-07
58200.0;0.6556329550079959,0.1520952989827325,2.4429996289734e-07
58300.0;0.6556151528659898,0.15209074557244998,2.4372863798154104e-07
58400.0;0.6555973873270055,0.15208619965265435,2.431600801016329e-07
58500.0;0.6555796582530703,0.15208166119398436,2.425942705090442e-07
58600.0;0.6555619655069509,0.15207713016752186,2.4203119061717015e-07
58700.0;0.655544308952148,0.15207260654477867,2.414708220002327e-07
58800.0;0.6555266884528945,0.1520680902976838,2.4091314639103634e-07
58900.0;0.6555091038741506,0.1520635813985712,2.403581456795878e-07
59000.0;0.6554915550816,0.152059079820168,2.3980580191130585e-07
59100.0;0.6554740419416472,0.15205458553558243,2.392560972855682e-07
59200.0;0.6554565643214123,0.1520500985182928,2.387090141538247e-07
59300.0;0.6554391220887293,0.15204561874213654,2.381645350181638e-07
59400.0;0.6554217151121404,0.15204114618129927,2.3762264252974177e-07
59500.0;0.6554043432608941,0.15203668081030472,2.3708331948701284e-07
59600.0;0.6553870064049409,0.1520322226040043,2.3654654883454676e-07
59700.0;0.6553697044149291,0.15202777153756777,2.360123136611742e-07
59800.0;0.6553524371622023,0.15202332758647313,2.3548059719861653e-07
59900.0;0.655335204518795,0.15201889072649782,2.3495138282008508e-07
60000.0;0.6553180063574302,0.15201446093370954,2.3442465403859394e-07
60100.0;0.6553008425515144,0.15201003818445744,2.3390039450575556e-07
60200.0;0.6552837129751348,0.15200562245536392,2.3337858801019389e-07
60300.0;0.655266617503056,0.1520012137233161,2.3285921847627165e-07
60400.0;0.6552495560107165,0.15199681196545783,2.3234226996236135e-07
60500.0;0.6552325283742246,0.151992417159182,2.3182772666003466e-07
60600.0;0.6552155344703556,0.15198802928212293,2.3131557289211505e-07
60700.0;0.6551985741765479,0.1519836483121491,2.3080579311179083e-07
60800.0;0.6551816473709,0.15197927422735572,2.3029837190095698e-07
60900.0;0.6551647539321666,0.15197490700605826,2.2979329396910279e-07
61000.0;0.6551478937397556,0.1519705466267852,2.2929054415200684e-07
61100.0;0.6551310666737241,0.1519661930682719,2.287901074102385e-07
61200.0;0.6551142726147761,0.151961846309454,2.2829196882824746e-07
61300.0;0.655097511444258,0.1519575063294612,2.2779611361295414e-07
61400.0;0.6550807830441556,0.1519531731076115,2.2730252709226154e-07
61500.0;0.655064087297091,0.15194884662340524,2.2681119471426214e-07
61600.0;0.6550474240863184,0.1519445268565193,2.2632210204584416e-07
61700.0;0.6550307932957223,0.15194021378680173,2.2583523477148567e-07
61800.0;0.6550141948098128,0.1519359073942666,2.2535057869195386e-07
61900.0;0.6549976285137225,0.15193160765908834,2.2486811972348547e-07
62000.0;0.6549810942932037,0.15192731456159722,2.2438784389639307e-07
62100.0;0.6549645920346246,0.15192302808227404,2.2390973735389235e-07
62200.0;0.6549481216249664,0.15191874820174567,2.2343378635117118e-07
62300.0;0.6549316829518197,0.1519144749007802,2.229599772540766e-07
62400.0;0.654915275903381,0.15191020816028272,2.2248829653828948e-07
62500.0;0.65489890036845,0.1519059479612908,2.2201873078799057e-07
62600.0;0.6548825562364264,0.15190169428497022,2.2155126669478387e-07
62700.0;0.6548662433973058,0.15189744711261108,2.210858910569705e-07
62800.0;0.6548499617416772,0.15189320642562365,2.2062259077804907e-07
62900.0;0.6548337111607193,0.15188897220553452,2.2016135286613266e-07
63000.0;0.6548174915461977,0.1518847444339829,2.1970216443254182e-07
63100.0;0.6548013027904618,0.151880523092717,2.1924501269105841e-07
63200.0;0.6547851447864403,0.1518763081635906,2.187898849568922e-07
63300.0;0.6547690174276395,0.15187209962855927,2.1833676864551853e-07
63400.0;0.6547529206081398,0.1518678974696773,2.178856512719606e-07
63500.0;0.6547368542225918,0.15186370166909463,2.174365204496106e-07
63600.0;0.6547208181662135,0.15185951220905344,2.1698936388942007e-07
63700.0;0.6547048123347878,0.15185532907188515,2.1654416939897072e-07
63800.0;0.6546888366246576,0.15185115224000753,2.1610092488141364e-07
63900.0;0.6546728909327246,0.15184698169592195,2.156596183346938e-07
64000.0;0.6546569751564448,0.1518428174222104,2.1522023785056407e-07
64100.0;0.6546410891938262,0.15183865940153302,2.1478277161370943e-07
64200.0;0.6546252329434251,0.15183450761662506,2.1434720790080828e-07
64300.0;0.6546094063043426,0.15183036205029507,2.139135350798006e-07
64400.0;0.6545936091762227,0.15182622268542173,2.1348174160895022e-07
64500.0;0.654577841459248,0.15182208950495185,2.1305181603582882e-07
64600.0;0.6545621030541374,0.15181796249189794,2.12623746996758e-07
64700.0;0.6545463938621425,0.15181384162933603,2.1219752321572044e-07
64800.0;0.6545307137850445,0.1518097269004035,2.11773133503683e-07
64900.0;0.6545150627251509,0.151805618288297,2.113505667578023e-07
65000.0;0.6544994405852933,0.15180151577627,2.109298119604614e-07
65100.0;0.6544838472688239,0.15179741934763152,2.1051085817858569e-07
65200.0;0.6544682826796115,0.15179332898574366,2.100936945628184e-07
65300.0;0.6544527467220399,0.1517892446740201,2.0967831034670635e-07
65400.0;0.6544372393010036,0.15178516639592377,2.0926469484615403e-07
65500.0;0.6544217603219059,0.1517810941349657,2.0885283745820077e-07
65600.0;0.6544063096906545,0.1517770278747029,2.084427276607342e-07
65700.0;0.6543908873136595,0.15177296759873707,2.080343550114356e-07
65800.0;0.6543754930978303,0.15176891329071251,2.0762770914722072e-07
65900.0;0.654360126950572,0.15176486493431512,2.072227797834204e-07
66000.0;0.6543447887797829,0.1517608225132703,2.068195567130284e-07
66100.0;0.654329478493851,0.15175678601134213,2.0641802980613353e-07
66200.0;0.6543141960016517,0.15175275541233155,2.060181890089707e-07
66300.0;0.6542989412125437,0.15174873070007494,2.0562002434344395e-07
66400.0;0.6542837140363675,0.15174471185844324,2.0522352590642688e-07
66500.0;0.6542685143834407,0.15174069887133995,2.0482868386884069e-07
66600.0;0.6542533421645568,0.15173669172270055,2.044354884751937e-07
66700.0;0.6542381972909808,0.15173269039649107,2.040439300429862e-07
66800.0;0.6542230796744466,0.15172869487670665,2.0365399896184043e-07
66900.0;0.6542079892271544,0.15172470514737063,2.0326568569285745e-07
67000.0;0.6541929258617681,0.15172072119253352,2.0287898076804843e-07
67100.0;0.654177889491411,0.15171674299627186,2.024938747898915e-07
67200.0;0.6541628800296639,0.15171277054268692,2.0211035843010954e-07
67300.0;0.6541478973905621,0.15170880381590407,2.017284224298448e-07
67400.0;0.6541329414885924,0.15170484280007157,2.0134805759832568e-07
67500.0;0.6541180122386898,0.15170088747935967,2.0096925481256088e-07
67600.0;0.654103109556235,0.1516969378379597,2.0059200501693078e-07
67700.0;0.6540882333570514,0.15169299386008311,2.002162992221562e-07
67800.0;0.6540733835574025,0.15168905552996062,1.99842128505038e-07
67900.0;0.6540585600739883,0.15168512283184138,1.9946948400760006e-07
68000.0;0.654043762823943,0.15168119574999228,1.990983569368619e-07
68100.0;0.6540289917248321,0.15167727426869673,1.987287385639434e-07
68200.0;0.6540142466946495,0.1516733583722543,1.983606202236062e-07
68300.0;0.6539995276518137,0.15166944804497984,1.9799399331368578e-07
68400.0;0.6539848345151672,0.15166554327120274,1.9762884929463563e-07
68500.0;0.6539701672039714,0.1516616440352659,1.972651796887795e-07
68600.0;0.6539555256379049,0.15165775032152568,1.9690297607989905e-07
68700.0;0.6539409097370606,0.15165386211435045,1.9654223011272198e-07
68800.0;0.6539263194219423,0.15164997939812058,1.9618293349217516e-07
68900.0;0.6539117546134625,0.15164610215722746,1.9582507798319538e-07
69000.0;0.6538972152329399,0.15164223037607266,1.9546865540990816e-07
69100.0;0.6538827012020956,0.151638364039068,1.9511365765522748e-07
69200.0;0.653868212443051,0.15163450313063415,1.9476007666042732e-07
69300.0;0.6538537488783255,0.1516306476352005,1.9440790442436006e-07
69400.0;0.6538393104308321,0.15162679753720454,1.94057133003304e-07
69500.0;0.6538248970238766,0.15162295282109114,1.937077545101764e-07
69600.0;0.6538105085811537,0.15161911347131213,1.9335976111431844e-07
69700.0;0.6537961450267444,0.15161527947232561,1.9301314504077742e-07
69800.0;0.6537818062851134,0.15161145080859573,1.9266789856979611e-07
69900.0;0.653767492281107,0.15160762746459172,1.9232401403657133e-07
70000.0;0.6537532029399491,0.1516038094247877,1.919814838306188e-07
70100.0;0.6537389381872395,0.15159999667366222,1.9164030039535815e-07
70200.0;0.6537246979489508,0.15159618919569737,1.9130045622758427e-07
70300.0;0.6537104821514266,0.15159238697537886,1.9096194387709218e-07
70400.0;0.6536962907213771,0.1515885899971949,1.9062475594617044e-07
70500.0;0.6536821235858781,0.1515847982456364,1.9028888508919582e-07
70600.0;0.6536679806723674,0.151581011705196,1.8995432401218758e-07
70700.0;0.6536538619086426,0.15157723036036772,1.89621065472215e-07
70800.0;0.6536397672228584,0.15157345419564683,1.892891022772667e-07
70900.0;0.653625696543524,0.15156968319552883,1.88958427285564e-07
71000.0;0.6536116497995003,0.1515659173445096,1.8862903340516053e-07
71100.0;0.6535976269199975,0.15156215662708464,1.8830091359366563e-07
71200.0;0.6535836278345727,0.15155840102774848,1.8797406085777218e-07
71300.0;0.6535696524731266,0.1515546505309947,1.8764846825263503e-07
71400.0;0.653555700765902,0.15155090512131525,1.8732412888180712e-07
71500.0;0.6535417726434807,0.15154716478319985,1.8700103589663312e-07
71600.0;0.6535278680367803,0.15154342950113603,1.8667918249577916e-07
71700.0;0.6535139868770534,0.15153969925960822,1.8635856192498815e-07
71800.0;0.653500129095883,0.15153597404309777,1.8603916747667524e-07
71900.0;0.6534862946251815,0.15153225383608215,1.8572099248944713e-07
72000.0;0.6534724833971879,0.1515285386230349,1.8540403034775844e-07
72100.0;0.6534586953444648,0.15152482838842482,1.8508827448158292e-07
72200.0;0.6534449303998966,0.15152112311671603,1.8477371836592739e-07
72300.0;0.6534311884966867,0.15151742279236724,1.8446035552058088e-07
72400.0;0.6534174695683547,0.15151372739983132,1.8414817950958207e-07
72500.0;0.6534037735487347,0.15151003692355508,1.8383718394103138e-07
72600.0;0.6533901003719726,0.15150635134797866,1.8352736246671483e-07
72700.0;0.6533764499725236,0.1515026706575355,1.8321870878150094e-07
72800.0;0.6533628222851494,0.15149899483665138,1.8291121662328197e-07
72900.0;0.6533492172449168,0.1514953238697445,1.8260487977247814e-07
73000.0;0.6533356347871941,0.15149165774122472,1.8229969205166957e-07
73100.0;0.6533220748476503,0.15148799643549335,1.8199564732531788e-07
73200.0;0.6533085373622511,0.1514843399369427,1.8169273949943648e-07
73300.0;0.6532950222672577,0.15148068822995556,1.8139096252110466e-07
73400.0;0.6532815294992238,0.15147704129890488,1.8109031037832923e-07
73500.0;0.6532680589949938,0.15147339912815339,1.807907770996118e-07
73600.0;0.6532546106917005,0.15146976170205298,1.8049235675355412e-07
73700.0;0.6532411845267619,0.15146612900494463,1.8019504344865964e-07
73800.0;0.6532277804378805,0.15146250102115746,1.7989883133294238e-07
73900.0;0.6532143983630392,0.15145887773500882,1.796037145936673e-07
74000.0;0.6532010382405007,0.15145525913080352,1.7930968745685086e-07
74100.0;0.6531877000088044,0.1514516451928335,1.7901674418725822e-07
74200.0;0.6531743836067646,0.15144803590537734,1.7872487908775051e-07
74300.0;0.6531610889734674,0.1514444312526999,1.7843408649921553e-07
74400.0;0.6531478160482695,0.15144083121905172,1.7814436080022127e-07
74500.0;0.653134564770796,0.1514372357886688,1.778556964066273e-07
74600.0;0.6531213350809375,0.15143364494577188,1.7756808777131722e-07
74700.0;0.6531081269188482,0.15143005867456608,1.7728152938393338e-07
74800.0;0.6530949402249444,0.15142647695924047,1.769960157707047e-07
74900.0;0.6530817749399016,0.15142289978396756,1.7671154149376198e-07
75000.0;0.6530686310046524,0.1514193271329028,1.7642810115132608e-07
75100.0;0.6530555083603851,0.15141575899018406,1.7614568937715109e-07
75200.0;0.6530424069485409,0.1514121953399312,1.7586430084018942e-07
75300.0;0.6530293267108122,0.1514086361662456,1.7558393024460822e-07
75400.0;0.6530162675891402,0.15140508145320966,1.75304572329127e-07
75500.0;0.6530032295257135,0.15140153118488603,1.750262218670882e-07
75600.0;0.6529902124629652,0.15139798534531745,1.747488736659997e-07
75700.0;0.6529772163435718,0.15139444391852613,1.7447252256716955e-07
75800.0;0.6529642411104504,0.151390906888513,1.7419716344576505e-07
75900.0;0.6529512867067566,0.15138737423925752,1.739227912101353e-07
76000.0;0.6529383530758841,0.1513838459547169,1.736494008020579e-07
76100.0;0.6529254401614606,0.15138032201882556,1.733769871958707e-07
76200.0;0.6529125479073472,0.15137680241549473,1.7310554539873642e-07
76300.0;0.652899676257636,0.15137328712861173,1.7283507045002928e-07
76400.0;0.6528868251566489,0.15136977614203953,1.7256555742139282e-07
76500.0;0.6528739945489337,0.151366269439616,1.7229700141621187e-07
76600.0;0.6528611843792651,0.1513627670051535,1.720293975695127e-07
76700.0;0.6528483945926403,0.15135926882243828,1.7176274104763238e-07
76800.0;0.6528356251342787,0.15135577487522975,1.7149702704808162e-07
76900.0;0.6528228759496193,0.15135228514725999,1.7123225079937648e-07
77000.0;0.6528101469843186,0.15134879962223313,1.7096840756036957e-07
77100.0;0.6527974381842502,0.15134531828382472,1.707054926205727e-07
77200.0;0.6527847494955015,0.15134184111568097,1.7044350129951414e-07
77300.0;0.652772080864372,0.15133836810141843,1.701824289468054e-07
77400.0;0.6527594322373728,0.151334899224623,1.6992227094155463e-07
77500.0;0.6527468035612233,0.1513314344688495,1.6966302269252096e-07
77600.0;0.6527341947828509,0.15132797381762095,1.6940467963765096e-07
77700.0;0.652721605849388,0.15132451725442791,1.6914723724387334e-07
77800.0;0.6527090367081705,0.15132106476272777,1.6889069100699984e-07
77900.0;0.6526964873067371,0.15131761632594412,1.6863503645129002e-07
78000.0;0.6526839575928264,0.15131417192746605,1.683802691294817e-07
78100.0;0.6526714475143761,0.15131073155064745,1.6812638462248064e-07
78200.0;0.6526589570195206,0.1513072951788063,1.6787337853890569e-07
78300.0;0.65264648605659,0.1513038627952239,1.6762124651545206e-07
78400.0;0.652634034574108,0.1513004343831443,1.6736998421594495e-07
78500.0;0.6526216025207904,0.15129700992577333,1.671195873317738e-07
78600.0;0.652609189845544,0.1512935894062781,1.6687005158123844e-07
78700.0;0.6525967964974638,0.1512901728077862,1.66621372709711e-07
78800.0;0.6525844224258331,0.1512867601133848,1.663735464890091e-07
78900.0;0.6525720675801205,0.15128335130612003,1.6612656871763827e-07
79000.0;0.6525597319099786,0.15127994636899617,1.6588043522036313e-07
79100.0;0.6525474153652436,0.15127654528497483,1.6563514184780933e-07
79200.0;0.6525351178959327,0.15127314803697417,1.6539068447679188e-07
79300.0;0.6525228394522418,0.15126975460786823,1.651470590096101e-07
79400.0;0.6525105799845464,0.1512663649804859,1.6490426137412482e-07
79500.0;0.6524983394433982,0.15126297913761033,1.6466228752354143e-07
79600.0;0.6524861177795244,0.15125959706197786,1.6442113343607315e-07
79700.0;0.6524739149438257,0.15125621873627745,1.6418079511497943e-07
79800.0;0.6524617308873758,0.1512528441431496,1.6394126858822893e-07
79900.0;0.6524495655614185,0.15124947326518573,1.6370254990828425e-07
80000.0;0.6524374189173685,0.15124610608492714,1.6346463515213608e-07
80100.0;0.6524252909068081,0.1512427425848642,1.6322752042079211e-07
80200.0;0.652413181481486,0.15123938274743548,1.6299120183941298e-07
80300.0;0.652401090593317,0.1512360265550269,1.6275567555681732e-07
80400.0;0.6523890181943799,0.15123267398997078,1.625209377457888e-07
80500.0;0.6523769642369164,0.15122932503454498,1.6228698460223052e-07
80600.0;0.6523649286733297,0.15122597967097196,1.620538123456671e-07
80700.0;0.6523529114561831,0.15122263788141782,1.6182141721857908e-07
80800.0;0.6523409125381987,0.1512192996479916,1.6158979548650997e-07
80900.0;0.6523289318722567,0.151215964952744,1.6135894343772806e-07
81000.0;0.6523169694113929,0.15121263377766675,1.6112885738316589e-07
81100.0;0.6523050251087992,0.15120930610469133,1.6089953365626532e-07
81200.0;0.6522930989178206,0.1512059819156884,1.6067096861269619e-07
81300.0;0.6522811907919553,0.1512026611924666,1.6044315863038182e-07
81400.0;0.6522693006848528,0.1511993439167715,1.6021610010907251e-07
81500.0;0.6522574285503125,0.15119603007028476,1.5998978947042163e-07
81600.0;0.6522455743422835,0.15119271963462338,1.5976422315772814e-07
81700.0;0.6522337380148627,0.15118941259133795,1.5953939763575725e-07
81800.0;0.6522219195222932,0.1511861089219125,1.593153093907087e-07
81900.0;0.6522101188189647,0.1511828086077629,1.5909195492988984e-07
82000.0;0.6521983358594106,0.15117951163023616,1.5886933078159044e-07
82100.0;0.6521865705983079,0.15117621797060934,1.5864743349516176e-07
82200.0;0.6521748229904762,0.15117292761008821,1.5842625964048603e-07
82300.0;0.6521630929908762,0.1511696405298068,1.5820580580819454e-07
82400.0;0.6521513805546085,0.15116635671082576,1.5798606860913732e-07
82500.0;0.6521396856369133,0.15116307613413166,1.5776704467472555e-07
82600.0;0.6521280081931679,0.15115979878063585,1.5754873065625495e-07
82700.0;0.6521163481788879,0.1511565246311733,1.5733112322518725e-07
82800.0;0.6521047055497234,0.1511532536665015,1.571142190727445e-07
82900.0;0.6520930802614611,0.15114998586729972,1.5689801490986363e-07
83000.0;0.6520814722700204,0.15114672121416742,1.5668250746708487e-07
83100.0;0.6520698815314542,0.1511434596876236,1.564676934943559e-07
83200.0;0.6520583080019473,0.15114020126810537,1.5625356976093622e-07
83300.0;0.6520467516378158,0.151136945935967,1.5604013305514983e-07
83400.0;0.6520352123955055,0.15113369367147894,1.558273801844118e-07
83500.0;0.6520236902315919,0.15113044445482632,1.5561530797500807e-07
83600.0;0.6520121851027785,0.1511271982661083,1.5540391327196109e-07
83700.0;0.652000696965896,0.15112395508533658,1.5519319293887696e-07
83800.0;0.6519892257779019,0.15112071489243437,1.5498314385786806e-07
83900.0;0.6519777714958789,0.15111747766723557,1.5477376292938884e-07
84000.0;0.6519663340770347,0.15111424338948315,1.5456504707207305e-07
84100.0;0.6519549134787008,0.15111101203882818,1.5435699322270843e-07
84200.0;0.6519435096583316,0.15110778359482885,1.541495983359647e-07
84300.0;0.6519321225735036,0.1511045580369493,1.539428593844413e-07
84400.0;0.651920752181915,0.15110133534455816,1.5373677335831203e-07
84500.0;0.651909398441384,0.15109811549692792,1.5353133726549192e-07
84600.0;0.6518980613098485,0.15109489847323326,1.5332654813126619e-07
84700.0;0.6518867407453659,0.15109168425255035,1.5312240299822474e-07
84800.0;0.651875436706111,0.1510884728138553,1.529188989262086e-07
84900.0;0.6518641491503769,0.15108526413602325,1.5271603299221295e-07
85000.0;0.6518528780365724,0.15108205819782733,1.5251380229010276e-07
85100.0;0.6518416233232224,0.1510788549779371,1.523122039307439e-07
85200.0;0.6518303849689672,0.15107565445491788,1.5211123504154354e-07
85300.0;0.6518191629325611,0.15107245660722923,1.5191089276665285e-07
85400.0;0.6518079571728725,0.1510692614132241,1.5171117426678483e-07
85500.0;0.6517967676488825,0.15106606885114723,1.5151207671893316e-07
85600.0;0.6517855943196843,0.15106287889913467,1.513135973163475e-07
85700.0;0.6517744371444831,0.15105969153521215,1.5111573326860767e-07
85800.0;0.6517632960825949,0.151056506737294,1.5091848180118462e-07
85900.0;0.6517521710934455,0.15105332448318237,1.5072184015557297e-07
86000.0;0.6517410621365709,0.15105014475056544,1.505258055889668e-07
86100.0;0.6517299691716157,0.1510469675170171,1.5033037537460025e-07
86200.0;0.6517188921583335,0.15104379275999524,1.501355468009058e-07
86300.0;0.6517078310565839,0.15104062045684094,1.499413171721181e-07
86400.0;0.6516967858263356,0.1510374505847773,1.4974768380778667e-07
86500.0;0.6516857564276626,0.15103428312090816,1.4955464404272818e-07
86600.0;0.6516747428207449,0.15103111804221744,1.4936219522699642e-07
86700.0;0.651663744965868,0.15102795532556781,1.4917033472569794e-07
86800.0;0.651652762823422,0.15102479494769944,1.4897905991886097e-07
86900.0;0.6516417963539013,0.15102163688522946,1.4878836820157034e-07
87000.0;0.6516308455179035,0.15101848111465035,1.4859825698347777e-07
87100.0;0.6516199102761296,0.15101532761232944,1.484087236890025e-07
87200.0;0.6516089905893832,0.15101217635450756,1.4821976575720064e-07
87300.0;0.6515980864185692,0.15100902731729798,1.4803138064153128e-07
87400.0;0.6515871977246946,0.15100588047668598,1.478435658098487e-07
87500.0;0.651576324468867,0.15100273580852708,1.4765631874426876e-07
87600.0;0.6515654666122948,0.1509995932885468,1.4746963694111047e-07
87700.0;0.6515546241162854,0.15099645289233943,1.472835179108097e-07
87800.0;0.6515437969422466,0.15099331459536702,1.4709795917773557e-07
87900.0;0.6515329850516848,0.1509901783729587,1.46912958280221e-07
88000.0;0.6515221884062046,0.15098704420030956,1.4672851277034147e-07
88100.0;0.651511406967509,0.15098391205248024,1.4654462021391393e-07
88200.0;0.6515006406973981,0.15098078190439557,1.4636127819037555e-07
88300.0;0.6514898895577697,0.15097765373084426,1.461784842926699e-07
88400.0;0.6514791535106177,0.1509745275064777,1.4599623612722246e-07
88500.0;0.6514684325180325,0.15097140320580948,1.4581453131370228e-07
88600.0;0.6514577265422001,0.15096828080321467,1.4563336748519265e-07
88700.0;0.6514470355454021,0.15096516027292903,1.4545274228774955e-07
88800.0;0.6514363594900149,0.15096204158904833,1.4527265338071181e-07
88900.0;0.651425698338509,0.1509589247255278,1.4509309843629653e-07
89000.0;0.6514150520534503,0.15095580965618147,1.4491407513959008e-07
89100.0;0.6514044205974969,0.15095269635468175,1.4473558118857888e-07
89200.0;0.6513938039334015,0.1509495847945587,1.4455761429392514e-07
89300.0;0.6513832020240092,0.15094647494919958,1.4438017217902943e-07
89400.0;0.6513726148322576,0.15094336679184858,1.4420325257975128e-07
89500.0;0.651362042321177,0.1509402602956061,1.4402685324445815e-07
89600.0;0.6513514844538894,0.15093715543342867,1.438509719339796e-07
89700.0;0.6513409411936083,0.1509340521781285,1.436756064213322e-07
89800.0;0.6513304125036383,0.15093095050237304,1.4350075449189807e-07
89900.0;0.6513198983473751,0.150927850378685,1.433264139431535e-07
90000.0;0.6513093986883047,0.15092475177944203,1.4315258258469539e-07
90100.0;0.6512989134900035,0.15092165467687654,1.4297925823804435e-07
90200.0;0.6512884427161375,0.1509185590430755,1.4280643873663217e-07
90300.0;0.6512779863304625,0.1509154648499807,1.4263412192584065e-07
90400.0;0.6512675442968237,0.1509123720693885,1.4246230566266364e-07
90500.0;0.6512571165791547,0.15090928067294995,1.4229098781583878e-07
90600.0;0.6512467031414779,0.150906190632171,1.4212016626579955e-07
90700.0;0.6512363039479048,0.15090310191841244,1.4194983890430624e-07
90800.0;0.6512259189626339,0.1509000145028903,1.4178000363472877e-07
90900.0;0.6512155481499522,0.15089692835667629,1.416106583718146e-07
91000.0;0.6512051914742336,0.15089384345069778,1.4144180104155858e-07
91100.0;0.6511948488999401,0.15089075975573857,1.4127342958115104e-07
91200.0;0.6511845203916196,0.15088767724243918,1.4110554193902906e-07
91300.0;0.6511742059139076,0.1508845958812975,1.409381360747231e-07
91400.0;0.6511639054315257,0.15088151564266922,1.4077120995864256e-07
91500.0;0.6511536189092815,0.15087843649676902,1.4060476157229984e-07
91600.0;0.6511433463120684,0.15087535841367075,1.4043878890788078e-07
91700.0;0.6511330876048664,0.1508722813633086,1.4027328996861708e-07
91800.0;0.6511228427527399,0.15086920531547796,1.40108262768255e-07
91900.0;0.6511126117208392,0.15086613023983655,1.399437053313573e-07
92000.0;0.6511023944743993,0.1508630561059053,1.3977961569297076e-07
92100.0;0.6510921909787399,0.15085998288306973,1.3961599189869856e-07
92200.0;0.6510820011992656,0.1508569105405809,1.394528320045751e-07
92300.0;0.651071825101465,0.15085383904755717,1.3929013407712564e-07
92400.0;0.6510616626509105,0.15085076837298533,1.391278961930534e-07
92500.0;0.6510515138132591,0.15084769848572221,1.389661164394257e-07
92600.0;0.6510413785542515,0.15084462935449647,1.3880479291340551e-07
92700.0;0.6510312568397107,0.15084156094791001,1.3864392372237378e-07
92800.0;0.6510211486355446,0.15083849323443996,1.3848350698368784e-07
92900.0;0.6510110539077429,0.15083542618244067,1.3832354082477738e-07
93000.0;0.6510009726223791,0.15083235976014553,1.3816402338285603e-07
93100.0;0.6509909047456088,0.1508292939356693,1.3800495280526918e-07
93200.0;0.6509808502436704,0.15082622867701018,1.3784632724891614e-07
93300.0;0.6509708090828844,0.15082316395205234,1.3768814488051868e-07
93400.0;0.6509607812296541,0.150820099728568,1.3753040387649801e-07
93500.0;0.6509507666504636,0.15081703597422041,1.373731024229155e-07
93600.0;0.6509407653118802,0.15081397265656618,1.3721623871528742e-07
93700.0;0.6509307771805519,0.15081090974305827,1.3705981095873246e-07
93800.0;0.6509208022232084,0.15080784720104895,1.3690381736771894e-07
93900.0;0.6509108404066609,0.15080478499779254,1.367482561662867e-07
94000.0;0.6509008916978014,0.1508017231004488,1.365931255874526e-07
94100.0;0.6508909560636031,0.15079866147608614,1.3643842387379383e-07
94200.0;0.6508810334711205,0.15079560009168486,1.3628414927693945e-07
94300.0;0.6508711238874877,0.150792538914141,1.3613030005771065e-07
94400.0;0.65086122727992,0.15078947791026956,1.359768744860063e-07
94500.0;0.6508513436157133,0.15078641704680873,1.3582387084071815e-07
94600.0;0.6508414728622431,0.15078335629042333,1.3567128740974965e-07
94700.0;0.6508316149869657,0.15078029560770922,1.3551912248992627e-07
94800.0;0.6508217699574166,0.1507772349651974,1.3536737438686946e-07
94900.0;0.6508119377412117,0.15077417432935808,1.352160414150412e-07
95000.0;0.6508021183060463,0.15077111366660534,1.3506512189768233e-07
95100.0;0.6507923116196951,0.15076805294330192,1.349146141666352e-07
95200.0;0.6507825176500124,0.15076499212576333,1.3476451656252056e-07
95300.0;0.650772736364932,0.1507619311802633,1.3461482743441514e-07
95400.0;0.6507629677324664,0.1507588700730386,1.3446554513996094e-07
95500.0;0.6507532117207073,0.15075580877029413,1.343166680453512e-07
95600.0;0.6507434682978254,0.1507527472382082,1.3416819452504799e-07
95700.0;0.6507337374320695,0.1507496854429381,1.3402012296206965e-07
95800.0;0.6507240190917682,0.15074662335062566,1.338724517476483e-07
95900.0;0.6507143132453277,0.15074356092740276,1.3372517928129382e-07
96000.0;0.6507046198612328,0.15074049813939763,1.3357830397074793e-07
96100.0;0.6506949389080469,0.15073743495274036,1.334318242319002e-07
96200.0;0.6506852703544109,0.15073437133356965,1.3328573848879873e-07
96300.0;0.6506756141690445,0.15073130724803857,1.3314004517352565e-07
96400.0;0.6506659703207451,0.1507282426623214,1.3299474272617794e-07
96500.0;0.6506563387783875,0.15072517754262021,1.3284982959482409e-07
96600.0;0.6506467195109245,0.1507221118551715,1.3270530423546157e-07
96700.0;0.6506371124873865,0.1507190455662531,1.3256116511200296e-07
96800.0;0.6506275176768818,0.1507159786421914,1.3241741069599497e-07
96900.0;0.6506179350485952,0.15071291104936851,1.3227403946704795e-07
97000.0;0.6506083645717895,0.15070984275422955,1.3213104991224117e-07
97100.0;0.6505988062158043,0.15070677372328994,1.3198844052650492e-07
97200.0;0.6505892599500565,0.15070370392314372,1.3184620981225874e-07
97300.0;0.6505797257440398,0.1507006333204705,1.3170435627961534e-07
97400.0;0.6505702035673245,0.15069756188204403,1.315628784462034e-07
97500.0;0.6505606933895585,0.15069448957473983,1.3142177483713928e-07
97600.0;0.6505511951804652,0.1506914163655439,1.3128104398485965e-07
97700.0;0.6505417089098458,0.15068834222156047,1.3114068442946462e-07
97800.0;0.6505322345475767,0.15068526711002084,1.3100069471822615e-07
97900.0;0.6505227720636115,0.1506821909982921,1.3086107340575795e-07
98000.0;0.6505133214279798,0.15067911385388555,1.3072181905385573e-07
98100.0;0.6505038826107873,0.1506760356444659,1.3058293023181133e-07
98200.0;0.6504944555822157,0.15067295633785982,1.304444055157479e-07
98300.0;0.6504850403125231,0.15066987590206576,1.3030624348922125e-07
98400.0;0.650475636772043,0.15066679430526234,1.3016844274263896e-07
98500.0;0.6504662449311847,0.15066371151581853,1.3003100187366648e-07
98600.0;0.6504568647604331,0.15066062750230252,1.2989391948684654e-07
98700.0;0.6504474962303493,0.1506575422334917,1.2975719419375694e-07
98800.0;0.650438139311569,0.15065445567838207,1.2962082461278478e-07
98900.0;0.6504287939748041,0.1506513678061981,1.2948480936935167e-07
99000.0;0.6504194601908412,0.1506482785864029,1.2934914709560292e-07
99100.0;0.6504101379305423,0.15064518798870769,1.292138364305909e-07
99200.0;0.6504008271648448,0.1506420959830822,1.290788760199831e-07
99300.0;0.6503915278647604,0.1506390025397651,1.2894426451626044e-07
99400.0;0.6503822400013763,0.1506359076292733,1.288100005786436e-07
99500.0;0.6503729635458547,0.15063281122241345,1.2867608287285108e-07
99600.0;0.6503636984694318,0.1506297132902914,1.2854251007126285e-07
99700.0;0.650354444743419,0.15062661380432305,1.28409280852798e-07
99800.0;0.6503452023392022,0.15062351273624477,1.2827639390301002e-07
99900.0;0.6503359712282416,0.15062041005812382,1.2814384791375896e-07
